Start	End	Type	Weight
5290	5291	0	1
5290	5293	0	1
5290	5295	0	1
5290	5296	0	1
5290	8503	0	1
5291	5293	0	1
5291	5295	0	1
5291	5296	0	1
5291	8503	0	1
5293	5295	0	1
5293	5296	0	1
5293	8503	0	1
5295	5296	0	1
5295	8503	0	1
5296	8503	0	1
5156	5290	1	1
5156	5291	1	1
5156	5293	1	1
5156	5295	1	1
5156	5296	1	1
5156	8503	1	1
6009	2475	1	1
5156	2885	1	1
1956	2885	1	1
6654	6655	0	1
2885	6654	1	1
2885	6655	1	1
3265	3845	0	1
3265	4893	0	1
3845	4893	0	1
6654	3265	1	1
6654	3845	1	1
6654	4893	1	1
6655	3265	1	1
6655	3845	1	1
6655	4893	1	1
3265	5894	1	1
3845	5894	1	1
4893	5894	1	1
5594	5595	0	1
5594	2002	1	1
5595	2002	1	1
5594	6667	1	1
5595	6667	1	1
3685	3690	0	1
3685	6714	1	1
3690	6714	1	1
5879	5880	0	1
5879	5881	0	1
5880	5881	0	1
6714	5879	1	1
6714	5880	1	1
6714	5881	1	1
340061	29110	1	1
29110	3661	1	2
10000	207	0	1
10000	208	0	1
207	208	0	1
1147	3551	0	1
1147	8517	0	1
3551	8517	0	1
10000	1147	1	4
10000	3551	1	4
10000	8517	1	4
207	1147	1	4
207	3551	1	4
207	8517	1	4
208	1147	1	4
208	3551	1	4
208	8517	1	4
5604	5605	0	1
5894	5604	1	2
5894	5605	1	2
5604	5594	1	2
5604	5595	1	2
5605	5594	1	2
5605	5595	1	2
1147	4792	1	4
3551	4792	1	4
8517	4792	1	4
7124	7132	1	2
3553	3554	1	1
8737	8717	0	1
8737	7188	0	1
8737	7186	0	1
8717	7188	0	1
8717	7186	0	1
7188	7186	0	1
7132	8737	1	1
7132	8717	1	1
7132	7188	1	1
7132	7186	1	1
8737	1147	1	1
8737	3551	1	1
8737	8517	1	1
8717	1147	1	1
8717	3551	1	1
8717	8517	1	1
7188	1147	1	1
7188	3551	1	1
7188	8517	1	1
7186	1147	1	1
7186	3551	1	1
7186	8517	1	1
10681	2782	0	1
10681	2783	0	1
10681	2784	0	1
10681	2785	0	1
10681	2786	0	1
10681	2787	0	1
10681	2788	0	1
10681	2790	0	1
10681	2791	0	1
10681	2792	0	1
10681	2793	0	1
10681	51764	0	1
10681	54331	0	1
10681	55970	0	1
10681	59345	0	1
10681	94235	0	1
2782	2783	0	1
2782	2784	0	1
2782	2785	0	1
2782	2786	0	1
2782	2787	0	1
2782	2788	0	1
2782	2790	0	1
2782	2791	0	1
2782	2792	0	1
2782	2793	0	1
2782	51764	0	1
2782	54331	0	1
2782	55970	0	1
2782	59345	0	1
2782	94235	0	1
2783	2784	0	1
2783	2785	0	1
2783	2786	0	1
2783	2787	0	1
2783	2788	0	1
2783	2790	0	1
2783	2791	0	1
2783	2792	0	1
2783	2793	0	1
2783	51764	0	1
2783	54331	0	1
2783	55970	0	1
2783	59345	0	1
2783	94235	0	1
2784	2785	0	1
2784	2786	0	1
2784	2787	0	1
2784	2788	0	1
2784	2790	0	1
2784	2791	0	1
2784	2792	0	1
2784	2793	0	1
2784	51764	0	1
2784	54331	0	1
2784	55970	0	1
2784	59345	0	1
2784	94235	0	1
2785	2786	0	1
2785	2787	0	1
2785	2788	0	1
2785	2790	0	1
2785	2791	0	1
2785	2792	0	1
2785	2793	0	1
2785	51764	0	1
2785	54331	0	1
2785	55970	0	1
2785	59345	0	1
2785	94235	0	1
2786	2787	0	1
2786	2788	0	1
2786	2790	0	1
2786	2791	0	1
2786	2792	0	1
2786	2793	0	1
2786	51764	0	1
2786	54331	0	1
2786	55970	0	1
2786	59345	0	1
2786	94235	0	1
2787	2788	0	1
2787	2790	0	1
2787	2791	0	1
2787	2792	0	1
2787	2793	0	1
2787	51764	0	1
2787	54331	0	1
2787	55970	0	1
2787	59345	0	1
2787	94235	0	1
2788	2790	0	1
2788	2791	0	1
2788	2792	0	1
2788	2793	0	1
2788	51764	0	1
2788	54331	0	1
2788	55970	0	1
2788	59345	0	1
2788	94235	0	1
2790	2791	0	1
2790	2792	0	1
2790	2793	0	1
2790	51764	0	1
2790	54331	0	1
2790	55970	0	1
2790	59345	0	1
2790	94235	0	1
2791	2792	0	1
2791	2793	0	1
2791	51764	0	1
2791	54331	0	1
2791	55970	0	1
2791	59345	0	1
2791	94235	0	1
2792	2793	0	1
2792	51764	0	1
2792	54331	0	1
2792	55970	0	1
2792	59345	0	1
2792	94235	0	1
2793	51764	0	1
2793	54331	0	1
2793	55970	0	1
2793	59345	0	1
2793	94235	0	1
51764	54331	0	1
51764	55970	0	1
51764	59345	0	1
51764	94235	0	1
54331	55970	0	1
54331	59345	0	1
54331	94235	0	1
55970	59345	0	1
55970	94235	0	1
59345	94235	0	1
10681	5290	1	2
10681	5291	1	2
10681	5293	1	2
10681	5295	1	2
10681	5296	1	2
10681	8503	1	2
2782	5290	1	2
2782	5291	1	2
2782	5293	1	2
2782	5295	1	2
2782	5296	1	2
2782	8503	1	2
2783	5290	1	2
2783	5291	1	2
2783	5293	1	2
2783	5295	1	2
2783	5296	1	2
2783	8503	1	2
2784	5290	1	2
2784	5291	1	2
2784	5293	1	2
2784	5295	1	2
2784	5296	1	2
2784	8503	1	2
2785	5290	1	2
2785	5291	1	2
2785	5293	1	2
2785	5295	1	2
2785	5296	1	2
2785	8503	1	2
2786	5290	1	2
2786	5291	1	2
2786	5293	1	2
2786	5295	1	2
2786	5296	1	2
2786	8503	1	2
2787	5290	1	2
2787	5291	1	2
2787	5293	1	2
2787	5295	1	2
2787	5296	1	2
2787	8503	1	2
2788	5290	1	2
2788	5291	1	2
2788	5293	1	2
2788	5295	1	2
2788	5296	1	2
2788	8503	1	2
2790	5290	1	2
2790	5291	1	2
2790	5293	1	2
2790	5295	1	2
2790	5296	1	2
2790	8503	1	2
2791	5290	1	2
2791	5291	1	2
2791	5293	1	2
2791	5295	1	2
2791	5296	1	2
2791	8503	1	2
2792	5290	1	2
2792	5291	1	2
2792	5293	1	2
2792	5295	1	2
2792	5296	1	2
2792	8503	1	2
2793	5290	1	2
2793	5291	1	2
2793	5293	1	2
2793	5295	1	2
2793	5296	1	2
2793	8503	1	2
51764	5290	1	2
51764	5291	1	2
51764	5293	1	2
51764	5295	1	2
51764	5296	1	2
51764	8503	1	2
54331	5290	1	2
54331	5291	1	2
54331	5293	1	2
54331	5295	1	2
54331	5296	1	2
54331	8503	1	2
55970	5290	1	2
55970	5291	1	2
55970	5293	1	2
55970	5295	1	2
55970	5296	1	2
55970	8503	1	2
59345	5290	1	2
59345	5291	1	2
59345	5293	1	2
59345	5295	1	2
59345	5296	1	2
59345	8503	1	2
94235	5290	1	2
94235	5291	1	2
94235	5293	1	2
94235	5295	1	2
94235	5296	1	2
94235	8503	1	2
2767	2776	0	1
23236	5330	0	1
23236	5331	0	1
23236	5332	0	1
5330	5331	0	1
5330	5332	0	1
5331	5332	0	1
2767	23236	1	2
2767	5330	1	2
2767	5331	1	2
2767	5332	1	2
2776	23236	1	2
2776	5330	1	2
2776	5331	1	2
2776	5332	1	2
10672	2768	0	1
11214	23365	0	1
11214	9138	0	1
11214	9826	0	1
23365	9138	0	1
23365	9826	0	1
9138	9826	0	1
10672	11214	1	1
10672	23365	1	1
10672	9138	1	1
10672	9826	1	1
2768	11214	1	1
2768	23365	1	1
2768	9138	1	1
2768	9826	1	1
11214	387	1	1
23365	387	1	1
9138	387	1	1
9826	387	1	1
6093	9475	0	1
387	6093	1	1
387	9475	1	1
6093	1499	1	1
9475	1499	1	1
5731	5732	0	1
5731	5733	0	1
5731	5734	0	1
5732	5733	0	1
5732	5734	0	1
5733	5734	0	1
5731	2778	1	1
5732	2778	1	1
5733	2778	1	1
5734	2778	1	1
107	108	0	1
107	109	0	1
107	111	0	1
107	112	0	1
107	113	0	1
107	114	0	1
107	115	0	1
107	196883	0	1
108	109	0	1
108	111	0	1
108	112	0	1
108	113	0	1
108	114	0	1
108	115	0	1
108	196883	0	1
109	111	0	1
109	112	0	1
109	113	0	1
109	114	0	1
109	115	0	1
109	196883	0	1
111	112	0	1
111	113	0	1
111	114	0	1
111	115	0	1
111	196883	0	1
112	113	0	1
112	114	0	1
112	115	0	1
112	196883	0	1
113	114	0	1
113	115	0	1
113	196883	0	1
114	115	0	1
114	196883	0	1
115	196883	0	1
2778	107	1	2
2778	108	1	2
2778	109	1	2
2778	111	1	2
2778	112	1	2
2778	113	1	2
2778	114	1	2
2778	115	1	2
2778	196883	1	2
2770	2771	0	1
2770	2773	0	1
2770	2775	0	1
2771	2773	0	1
2771	2775	0	1
2773	2775	0	1
5731	2770	1	1
5731	2771	1	1
5731	2773	1	1
5731	2775	1	1
5732	2770	1	1
5732	2771	1	1
5732	2773	1	1
5732	2775	1	1
5733	2770	1	1
5733	2771	1	1
5733	2773	1	1
5733	2775	1	1
5734	2770	1	1
5734	2771	1	1
5734	2773	1	1
5734	2775	1	1
5731	10681	1	1
5731	2782	1	1
5731	2783	1	1
5731	2784	1	1
5731	2785	1	1
5731	2786	1	1
5731	2787	1	1
5731	2788	1	1
5731	2790	1	1
5731	2791	1	1
5731	2792	1	1
5731	2793	1	1
5731	51764	1	1
5731	54331	1	1
5731	55970	1	1
5731	59345	1	1
5731	94235	1	1
5732	10681	1	1
5732	2782	1	1
5732	2783	1	1
5732	2784	1	1
5732	2785	1	1
5732	2786	1	1
5732	2787	1	1
5732	2788	1	1
5732	2790	1	1
5732	2791	1	1
5732	2792	1	1
5732	2793	1	1
5732	51764	1	1
5732	54331	1	1
5732	55970	1	1
5732	59345	1	1
5732	94235	1	1
5733	10681	1	1
5733	2782	1	1
5733	2783	1	1
5733	2784	1	1
5733	2785	1	1
5733	2786	1	1
5733	2787	1	1
5733	2788	1	1
5733	2790	1	1
5733	2791	1	1
5733	2792	1	1
5733	2793	1	1
5733	51764	1	1
5733	54331	1	1
5733	55970	1	1
5733	59345	1	1
5733	94235	1	1
5734	10681	1	1
5734	2782	1	1
5734	2783	1	1
5734	2784	1	1
5734	2785	1	1
5734	2786	1	1
5734	2787	1	1
5734	2788	1	1
5734	2790	1	1
5734	2791	1	1
5734	2792	1	1
5734	2793	1	1
5734	51764	1	1
5734	54331	1	1
5734	55970	1	1
5734	59345	1	1
5734	94235	1	1
3569	3570	1	1
3570	3716	1	1
3716	6774	1	2
10681	23236	1	2
10681	5330	1	2
10681	5331	1	2
10681	5332	1	2
2782	23236	1	2
2782	5330	1	2
2782	5331	1	2
2782	5332	1	2
2783	23236	1	2
2783	5330	1	2
2783	5331	1	2
2783	5332	1	2
2784	23236	1	2
2784	5330	1	2
2784	5331	1	2
2784	5332	1	2
2785	23236	1	2
2785	5330	1	2
2785	5331	1	2
2785	5332	1	2
2786	23236	1	2
2786	5330	1	2
2786	5331	1	2
2786	5332	1	2
2787	23236	1	2
2787	5330	1	2
2787	5331	1	2
2787	5332	1	2
2788	23236	1	2
2788	5330	1	2
2788	5331	1	2
2788	5332	1	2
2790	23236	1	2
2790	5330	1	2
2790	5331	1	2
2790	5332	1	2
2791	23236	1	2
2791	5330	1	2
2791	5331	1	2
2791	5332	1	2
2792	23236	1	2
2792	5330	1	2
2792	5331	1	2
2792	5332	1	2
2793	23236	1	2
2793	5330	1	2
2793	5331	1	2
2793	5332	1	2
51764	23236	1	2
51764	5330	1	2
51764	5331	1	2
51764	5332	1	2
54331	23236	1	2
54331	5330	1	2
54331	5331	1	2
54331	5332	1	2
55970	23236	1	2
55970	5330	1	2
55970	5331	1	2
55970	5332	1	2
59345	23236	1	2
59345	5330	1	2
59345	5331	1	2
59345	5332	1	2
94235	23236	1	2
94235	5330	1	2
94235	5331	1	2
94235	5332	1	2
1432	5600	0	1
1432	5603	0	1
1432	6300	0	1
5600	5603	0	1
5600	6300	0	1
5603	6300	0	1
5608	1432	1	1
5608	5600	1	1
5608	5603	1	1
5608	6300	1	1
6387	7852	1	1
7852	10681	1	1
7852	2782	1	1
7852	2783	1	1
7852	2784	1	1
7852	2785	1	1
7852	2786	1	1
7852	2787	1	1
7852	2788	1	1
7852	2790	1	1
7852	2791	1	1
7852	2792	1	1
7852	2793	1	1
7852	51764	1	1
7852	54331	1	1
7852	55970	1	1
7852	59345	1	1
7852	94235	1	1
5747	1398	0	1
5747	1399	0	1
5747	1398	0	1
5747	1399	0	1
5747	9564	0	1
5747	5829	0	1
1399	9564	0	1
1398	9564	0	1
1399	5829	0	1
1398	5829	0	1
9564	5829	0	1
2185	5747	1	1
2185	1399	1	1
2185	1398	1	1
2185	9564	1	1
2185	5829	1	1
3587	3588	0	1
3587	3716	1	1
3588	3716	1	1
1230	1232	0	1
1230	1234	0	1
1232	1234	0	1
6352	1230	1	1
6352	1232	1	1
6352	1234	1	1
356	355	1	1
8717	8772	1	1
355	8772	1	1
8772	841	1	1
841	637	1	1
637	581	1	1
637	578	1	1
581	54205	1	1
578	54205	1	1
54205	842	1	1
842	836	1	1
841	836	1	1
4790	5970	0	1
1147	4790	1	2
1147	5970	1	2
3551	4790	1	2
3551	5970	1	2
8517	4790	1	2
8517	5970	1	2
3554	1147	1	2
3554	3551	1	2
3554	8517	1	2
5566	5567	0	1
5566	5568	0	1
5567	5568	0	1
107	5566	1	6
107	5567	1	6
107	5568	1	6
108	5566	1	6
108	5567	1	6
108	5568	1	6
109	5566	1	6
109	5567	1	6
109	5568	1	6
111	5566	1	6
111	5567	1	6
111	5568	1	6
112	5566	1	6
112	5567	1	6
112	5568	1	6
113	5566	1	6
113	5567	1	6
113	5568	1	6
114	5566	1	6
114	5567	1	6
114	5568	1	6
115	5566	1	6
115	5567	1	6
115	5568	1	6
196883	5566	1	6
196883	5567	1	6
196883	5568	1	6
5566	1499	1	2
5567	1499	1	2
5568	1499	1	2
5290	10000	1	2
5290	207	1	2
5290	208	1	2
5291	10000	1	2
5291	207	1	2
5291	208	1	2
5293	10000	1	2
5293	207	1	2
5293	208	1	2
5295	10000	1	2
5295	207	1	2
5295	208	1	2
5296	10000	1	2
5296	207	1	2
5296	208	1	2
8503	10000	1	2
8503	207	1	2
8503	208	1	2
10681	387	1	2
2782	387	1	2
2783	387	1	2
2784	387	1	2
2785	387	1	2
2786	387	1	2
2787	387	1	2
2788	387	1	2
2790	387	1	2
2791	387	1	2
2792	387	1	2
2793	387	1	2
51764	387	1	2
54331	387	1	2
55970	387	1	2
59345	387	1	2
94235	387	1	2
387	5608	1	2
5578	5579	0	1
5578	5582	0	1
5579	5582	0	1
5578	2185	1	2
5579	2185	1	2
5582	2185	1	2
1956	5290	1	2
1956	5291	1	2
1956	5293	1	2
1956	5295	1	2
1956	5296	1	2
1956	8503	1	2
7249	7248	0	1
7249	6009	1	1
7248	6009	1	1
10000	7249	1	1
10000	7248	1	1
207	7249	1	1
207	7248	1	1
208	7249	1	1
208	7248	1	1
5879	387	1	1
5880	387	1	1
5881	387	1	1
2770	107	1	3
2770	108	1	3
2770	109	1	3
2770	111	1	3
2770	112	1	3
2770	113	1	3
2770	114	1	3
2770	115	1	3
2770	196883	1	3
2771	107	1	3
2771	108	1	3
2771	109	1	3
2771	111	1	3
2771	112	1	3
2771	113	1	3
2771	114	1	3
2771	115	1	3
2771	196883	1	3
2773	107	1	3
2773	108	1	3
2773	109	1	3
2773	111	1	3
2773	112	1	3
2773	113	1	3
2773	114	1	3
2773	115	1	3
2773	196883	1	3
2775	107	1	3
2775	108	1	3
2775	109	1	3
2775	111	1	3
2775	112	1	3
2775	113	1	3
2775	114	1	3
2775	115	1	3
2775	196883	1	3
1029	4193	1	1
4193	7157	1	1
1019	595	0	1
1021	595	0	1
1026	1019	1	1
1026	1021	1	1
1026	595	1	1
1029	1019	1	1
1029	1021	1	1
1029	595	1	1
3439	3440	0	1
3439	3441	0	1
3439	3442	0	1
3439	3443	0	1
3439	3444	0	1
3439	3445	0	1
3439	3446	0	1
3439	3447	0	1
3439	3448	0	1
3439	3449	0	1
3439	3451	0	1
3439	3452	0	1
3440	3441	0	1
3440	3442	0	1
3440	3443	0	1
3440	3444	0	1
3440	3445	0	1
3440	3446	0	1
3440	3447	0	1
3440	3448	0	1
3440	3449	0	1
3440	3451	0	1
3440	3452	0	1
3441	3442	0	1
3441	3443	0	1
3441	3444	0	1
3441	3445	0	1
3441	3446	0	1
3441	3447	0	1
3441	3448	0	1
3441	3449	0	1
3441	3451	0	1
3441	3452	0	1
3442	3443	0	1
3442	3444	0	1
3442	3445	0	1
3442	3446	0	1
3442	3447	0	1
3442	3448	0	1
3442	3449	0	1
3442	3451	0	1
3442	3452	0	1
3443	3444	0	1
3443	3445	0	1
3443	3446	0	1
3443	3447	0	1
3443	3448	0	1
3443	3449	0	1
3443	3451	0	1
3443	3452	0	1
3444	3445	0	1
3444	3446	0	1
3444	3447	0	1
3444	3448	0	1
3444	3449	0	1
3444	3451	0	1
3444	3452	0	1
3445	3446	0	1
3445	3447	0	1
3445	3448	0	1
3445	3449	0	1
3445	3451	0	1
3445	3452	0	1
3446	3447	0	1
3446	3448	0	1
3446	3449	0	1
3446	3451	0	1
3446	3452	0	1
3447	3448	0	1
3447	3449	0	1
3447	3451	0	1
3447	3452	0	1
3448	3449	0	1
3448	3451	0	1
3448	3452	0	1
3449	3451	0	1
3449	3452	0	1
3451	3452	0	1
3661	3439	1	1
3661	3440	1	1
3661	3441	1	1
3661	3442	1	1
3661	3443	1	1
3661	3444	1	1
3661	3445	1	1
3661	3446	1	1
3661	3447	1	1
3661	3448	1	1
3661	3449	1	1
3661	3451	1	1
3661	3452	1	1
3661	3456	1	1
4790	6347	1	2
5970	6347	1	2
4790	6352	1	2
5970	6352	1	2
4790	3576	1	2
5970	3576	1	2
4790	3569	1	2
5970	3569	1	2
4772	4773	0	1
4772	4775	0	1
4772	4776	0	1
4773	4775	0	1
4773	4776	0	1
4775	4776	0	1
4772	3576	1	1
4773	3576	1	1
4775	3576	1	1
4776	3576	1	1
4772	5743	1	1
4773	5743	1	1
4775	5743	1	1
4776	5743	1	1
1499	595	1	1
1499	4609	1	1
6774	595	1	1
6774	5743	1	1
6774	7422	1	1
7157	1026	1	1
1869	1870	0	1
1869	1871	0	1
1870	1871	0	1
5925	1869	0	1
5925	1870	0	1
5925	1871	0	1
4792	4790	0	2
4792	5970	0	2
2475	1978	1	2
6198	6199	0	1
2475	6198	1	2
2475	6199	1	2
163688	51806	0	1
163688	801	0	1
163688	805	0	1
163688	808	0	1
163688	810	0	1
163688	91860	0	1
51806	801	0	1
51806	805	0	1
51806	808	0	1
51806	810	0	1
51806	91860	0	1
801	805	0	1
801	808	0	1
801	810	0	1
801	91860	0	1
805	808	0	1
805	810	0	1
805	91860	0	1
808	810	0	1
808	91860	0	1
810	91860	0	1
5530	5532	0	1
5530	5533	0	1
5530	5534	0	1
5530	5535	0	1
5532	5533	0	1
5532	5534	0	1
5532	5535	0	1
5533	5534	0	1
5533	5535	0	1
5534	5535	0	1
163688	5530	0	1
163688	5532	0	1
163688	5533	0	1
163688	5534	0	1
163688	5535	0	1
51806	5530	0	1
51806	5532	0	1
51806	5533	0	1
51806	5534	0	1
51806	5535	0	1
801	5530	0	1
801	5532	0	1
801	5533	0	1
801	5534	0	1
801	5535	0	1
805	5530	0	1
805	5532	0	1
805	5533	0	1
805	5534	0	1
805	5535	0	1
808	5530	0	1
808	5532	0	1
808	5533	0	1
808	5534	0	1
808	5535	0	1
810	5530	0	1
810	5532	0	1
810	5533	0	1
810	5534	0	1
810	5535	0	1
91860	5530	0	1
91860	5532	0	1
91860	5533	0	1
91860	5534	0	1
91860	5535	0	1
5530	4772	1	1
5530	4773	1	1
5530	4775	1	1
5530	4776	1	1
5532	4772	1	1
5532	4773	1	1
5532	4775	1	1
5532	4776	1	1
5533	4772	1	1
5533	4773	1	1
5533	4775	1	1
5533	4776	1	1
5534	4772	1	1
5534	4773	1	1
5534	4775	1	1
5534	4776	1	1
5535	4772	1	1
5535	4773	1	1
5535	4775	1	1
5535	4776	1	1
5530	4772	0	1
5530	4773	0	1
5530	4775	0	1
5530	4776	0	1
5532	4772	0	1
5532	4773	0	1
5532	4775	0	1
5532	4776	0	1
5533	4772	0	1
5533	4773	0	1
5533	4775	0	1
5533	4776	0	1
5534	4772	0	1
5534	4773	0	1
5534	4775	0	1
5534	4776	0	1
5535	4772	0	1
5535	4773	0	1
5535	4775	0	1
5535	4776	0	1
6891	6892	0	1
6890	6892	0	1
2923	811	0	1
6891	2923	0	1
6890	2923	0	1
6890	811	0	1
6891	811	0	1
6892	2923	0	1
6892	811	0	1
3105	3106	0	1
3105	3107	0	1
3105	3133	0	1
3105	3134	0	1
3105	3135	0	1
3106	3107	0	1
3106	3133	0	1
3106	3134	0	1
3106	3135	0	1
3107	3133	0	1
3107	3134	0	1
3107	3135	0	1
3133	3134	0	1
3133	3135	0	1
3134	3135	0	1
2923	3105	0	1
2923	3106	0	1
2923	3107	0	1
2923	3133	0	1
2923	3134	0	1
2923	3135	0	1
811	3105	0	1
811	3106	0	1
811	3107	0	1
811	3133	0	1
811	3134	0	1
811	3135	0	1
3105	567	0	1
3106	567	0	1
3107	567	0	1
3133	567	0	1
3134	567	0	1
3135	567	0	1
10000	2932	1	1
207	2932	1	1
208	2932	1	1
2932	1499	1	1
10488	1385	0	1
10488	1386	0	1
10488	1388	0	1
10488	148327	0	1
10488	468	0	1
10488	64764	0	1
10488	84699	0	1
10488	90993	0	1
10488	9586	0	1
1385	1386	0	1
1385	1388	0	1
1385	148327	0	1
1385	468	0	1
1385	64764	0	1
1385	84699	0	1
1385	90993	0	1
1385	9586	0	1
1386	1388	0	1
1386	148327	0	1
1386	468	0	1
1386	64764	0	1
1386	84699	0	1
1386	90993	0	1
1386	9586	0	1
1388	148327	0	1
1388	468	0	1
1388	64764	0	1
1388	84699	0	1
1388	90993	0	1
1388	9586	0	1
148327	468	0	1
148327	64764	0	1
148327	84699	0	1
148327	90993	0	1
148327	9586	0	1
468	64764	0	1
468	84699	0	1
468	90993	0	1
468	9586	0	1
64764	84699	0	1
64764	90993	0	1
64764	9586	0	1
84699	90993	0	1
84699	9586	0	1
90993	9586	0	1
5566	10488	1	1
5566	1385	1	1
5566	1386	1	1
5566	1388	1	1
5566	148327	1	1
5566	468	1	1
5566	64764	1	1
5566	84699	1	1
5566	90993	1	1
5566	9586	1	1
5567	10488	1	1
5567	1385	1	1
5567	1386	1	1
5567	1388	1	1
5567	148327	1	1
5567	468	1	1
5567	64764	1	1
5567	84699	1	1
5567	90993	1	1
5567	9586	1	1
5568	10488	1	1
5568	1385	1	1
5568	1386	1	1
5568	1388	1	1
5568	148327	1	1
5568	468	1	1
5568	64764	1	1
5568	84699	1	1
5568	90993	1	1
5568	9586	1	1
1432	10488	1	2
1432	1385	1	2
1432	1386	1	2
1432	1388	1	2
1432	148327	1	2
1432	468	1	2
1432	64764	1	2
1432	84699	1	2
1432	90993	1	2
1432	9586	1	2
5600	10488	1	2
5600	1385	1	2
5600	1386	1	2
5600	1388	1	2
5600	148327	1	2
5600	468	1	2
5600	64764	1	2
5600	84699	1	2
5600	90993	1	2
5600	9586	1	2
5603	10488	1	2
5603	1385	1	2
5603	1386	1	2
5603	1388	1	2
5603	148327	1	2
5603	468	1	2
5603	64764	1	2
5603	84699	1	2
5603	90993	1	2
5603	9586	1	2
6300	10488	1	2
6300	1385	1	2
6300	1386	1	2
6300	1388	1	2
6300	148327	1	2
6300	468	1	2
6300	64764	1	2
6300	84699	1	2
6300	90993	1	2
6300	9586	1	2
1019	5925	1	2
1021	5925	1	2
595	5925	1	2
7132	8717	0	1
